# x,y,u
0.000000000000000000e+00 0.000000000000000000e+00 3.538977721722627466e-18
0.000000000000000000e+00 2.000000000000000111e-01 8.820152355180883863e-02
0.000000000000000000e+00 4.000000000000000222e-01 4.719187445303132944e-01
0.000000000000000000e+00 6.000000000000000888e-01 7.049355735303811654e-01
0.000000000000000000e+00 8.000000000000000444e-01 9.169078265032311048e-01
0.000000000000000000e+00 1.000000000000000000e+00 1.000000000000001776e+00
2.000000000000000111e-01 0.000000000000000000e+00 2.000000000000003442e-01
2.000000000000000111e-01 2.000000000000000111e-01 1.566667562424243210e-01
2.000000000000000111e-01 4.000000000000000222e-01 5.341904369885045467e-01
2.000000000000000111e-01 6.000000000000000888e-01 6.972293169900607435e-01
2.000000000000000111e-01 8.000000000000000444e-01 8.602791380468522986e-01
2.000000000000000111e-01 1.000000000000000000e+00 7.999999999999991562e-01
4.000000000000000222e-01 0.000000000000000000e+00 4.000000000000007438e-01
4.000000000000000222e-01 2.000000000000000111e-01 4.932393556570516258e-01
4.000000000000000222e-01 4.000000000000000222e-01 6.205299144297026226e-01
4.000000000000000222e-01 6.000000000000000888e-01 6.379670353950844808e-01
4.000000000000000222e-01 8.000000000000000444e-01 6.403443657865249827e-01
4.000000000000000222e-01 1.000000000000000000e+00 5.999999999999993117e-01
6.000000000000000888e-01 0.000000000000000000e+00 6.000000000000009770e-01
6.000000000000000888e-01 2.000000000000000111e-01 6.403443657862596394e-01
6.000000000000000888e-01 4.000000000000000222e-01 6.379670353949493666e-01
6.000000000000000888e-01 6.000000000000000888e-01 6.205299144291472890e-01
6.000000000000000888e-01 8.000000000000000444e-01 4.932393556570657811e-01
6.000000000000000888e-01 1.000000000000000000e+00 4.000000000000006883e-01
8.000000000000000444e-01 0.000000000000000000e+00 8.000000000000013767e-01
8.000000000000000444e-01 2.000000000000000111e-01 8.602791380463725712e-01
8.000000000000000444e-01 4.000000000000000222e-01 6.972293169893074571e-01
8.000000000000000444e-01 6.000000000000000888e-01 5.341904369876978587e-01
8.000000000000000444e-01 8.000000000000000444e-01 1.566667562425067550e-01
8.000000000000000444e-01 1.000000000000000000e+00 1.999999999999997613e-01
1.000000000000000000e+00 0.000000000000000000e+00 1.000000000000001776e+00
1.000000000000000000e+00 2.000000000000000111e-01 9.169078265018648644e-01
1.000000000000000000e+00 4.000000000000000222e-01 7.049355735289007940e-01
1.000000000000000000e+00 6.000000000000000888e-01 4.719187445292114536e-01
1.000000000000000000e+00 8.000000000000000444e-01 8.820152355178180470e-02
1.000000000000000000e+00 1.000000000000000000e+00 1.679304569637740832e-16
